mean(dx),mean(dy),std(dx),std(dy),Cuadrado,CuadradoLento,CuadradoZigZag,AdelanteAtras,

-0.164733,1.441416,0.195350,0.379552,1,0,0,0
0.247100,0.906033,0.680927,0.856536,1,0,0,0
0.741300,0.288283,0.674593,0.668912,1,0,0,0
1.173724,-0.123550,0.160496,0.092662,1,0,0,0
0.844258,-0.308875,0.564489,0.370650,1,0,0,0
0.432425,-0.720708,0.586049,0.589296,1,0,0,0
0.041183,-1.111949,0.154437,0.403906,1,0,0,0
-0.102958,-1.111949,0.263903,0.403906,1,0,0,0
-0.494200,-0.658933,0.563644,0.608413,1,0,0,0
-0.906033,-0.226508,0.494200,0.412090,1,0,0,0
-1.050174,0.020592,0.346711,0.144875,1,0,0,0
-0.082367,1.173724,0.229068,0.434625,1,0,0,0
0.308875,0.700116,0.641984,0.779565,1,0,0,0
0.823666,0.226508,0.601315,0.584419,1,0,0,0
1.173724,-0.082367,0.207200,0.097675,1,0,0,0
0.844258,-0.350058,0.579500,0.519608,1,0,0,0
0.432425,-0.761891,0.548198,0.574540,1,0,0,0
0.061775,-1.173724,0.131044,0.262089,1,0,0,0
-0.164733,-0.967808,0.352171,0.497087,1,0,0,0
-0.555975,-0.555975,0.515923,0.614653,1,0,0,0
-0.967808,-0.061775,0.379552,0.346711,1,0,0,0
-0.041183,1.235499,0.180103,0.453951,1,0,0,0
0.267691,0.885441,0.541192,0.897333,1,0,0,0
0.720708,0.370650,0.596536,0.949507,1,0,0,0
1.111949,-0.185325,0.414399,0.185325,1,0,0,0
0.967808,-0.391241,0.522355,0.467412,1,0,0,0
0.555975,-0.761891,0.635262,0.644950,1,0,0,0
0.123550,-1.214908,0.307327,0.415549,1,0,0,0
-0.226508,-1.132541,0.505650,0.467412,1,0,0,0
-0.823666,-0.679525,0.917831,0.668198,1,0,0,0
-1.256091,-0.205917,0.685813,0.397957,1,0,0,0
0.041183,1.256091,0.274534,0.422380,1,0,0,0
0.473608,0.782483,0.675299,0.785053,1,0,0,0
0.947216,0.247100,0.567019,0.586049,1,0,0,0
1.091358,-0.226508,0.485435,0.356212,1,0,0,0
0.617750,-0.761891,0.723717,0.810171,1,0,0,0
0.226508,-1.235499,0.522355,0.648637,1,0,0,0
-0.205917,-1.194316,0.408603,0.687897,1,0,0,0
-0.597158,-0.658933,0.679525,0.681627,1,0,0,0
-1.029583,-0.144142,0.435722,0.318006,1,0,0,0
0.020592,1.173724,0.364158,0.548198,1,0,0,0
0.514791,0.638341,0.722397,0.753427,1,0,0,0
1.050174,0.123550,0.571210,0.434625,1,0,0,0
1.153133,-0.226508,0.432425,0.356212,1,0,0,0
0.720708,-0.679525,0.638258,0.693422,1,0,0,0
0.267691,-1.153133,0.394345,0.569537,1,0,0,0
-0.226508,-1.132541,0.479503,0.574540,1,0,0,0
-0.617750,-0.638341,0.563644,0.706372,1,0,0,0
-1.029583,-0.164733,0.279698,0.326882,1,0,0,0
-0.144142,0.720708,0.331231,0.689974,0,1,0,0
-0.082367,0.329466,0.097675,0.123550,0,1,0,0
0.144142,0.123550,0.202543,0.226976,0,1,0,0
0.288283,-0.041183,0.097675,0.081721,0,1,0,0
0.329466,0.020592,0.154437,0.061775,0,1,0,0
0.247100,-0.205917,0.226976,0.284768,0,1,0,0
-0.041183,-0.391241,0.081721,0.144875,0,1,0,0
-0.020592,-0.288283,0.061775,0.187881,0,1,0,0
-0.123550,-0.370650,0.307327,0.393133,0,1,0,0
-0.329466,0.000000,0.180103,0.092662,0,1,0,0
-0.391241,-0.020592,0.171974,0.061775,0,1,0,0
0.020592,0.535383,0.111366,0.111366,0,1,0,0
-0.020592,0.432425,0.111366,0.207200,0,1,0,0
0.205917,0.350058,0.235232,0.299465,0,1,0,0
0.370650,-0.041183,0.226976,0.081721,0,1,0,0
0.308875,0.061775,0.185325,0.092662,0,1,0,0
0.041183,-0.432425,0.123550,0.185325,0,1,0,0
0.000000,-0.494200,0.000000,0.092662,0,1,0,0
0.082367,-0.432425,0.134635,0.160496,0,1,0,0
-0.432425,0.061775,0.185325,0.092662,0,1,0,0
-0.453016,0.000000,0.097675,0.092662,0,1,0,0
0.000000,0.494200,0.092662,0.092662,0,1,0,0
-0.020592,0.391241,0.061775,0.144875,0,1,0,0
0.123550,0.185325,0.207200,0.320992,0,1,0,0
0.411833,0.082367,0.180103,0.163441,0,1,0,0
0.329466,0.102958,0.304206,0.586862,0,1,0,0
0.000000,-0.308875,0.185325,0.370650,0,1,0,0
0.061775,-0.576566,0.092662,0.111366,0,1,0,0
0.041183,-0.453016,0.081721,0.097675,0,1,0,0
-0.350058,0.020592,0.144875,0.144875,0,1,0,0
-0.329466,0.000000,0.154437,0.131044,0,1,0,0
-0.329466,0.041183,0.123550,0.123550,0,1,0,0
0.102958,0.453016,0.134635,0.247100,0,1,0,0
-0.061775,0.370650,0.160496,0.346711,0,1,0,0
0.123550,0.350058,0.245162,0.299465,0,1,0,0
0.308875,-0.061775,0.226976,0.160496,0,1,0,0
0.329466,0.041183,0.258423,0.081721,0,1,0,0
0.144142,-0.267691,0.180103,0.229068,0,1,0,0
0.020592,-0.473608,0.061775,0.163441,0,1,0,0
0.061775,-0.494200,0.092662,0.092662,0,1,0,0
-0.061775,0.020592,0.693422,0.527805,0,1,0,0
-0.473608,0.020592,0.247100,0.111366,0,1,0,0
-0.432425,0.350058,0.463312,0.511279,0,1,0,0
-0.123550,0.308875,0.207200,0.621599,0,1,0,0
0.061775,0.370650,0.160496,0.403906,0,1,0,0
0.226508,0.164733,0.422380,0.235232,0,1,0,0
0.453016,0.020592,0.163441,0.061775,0,1,0,0
0.411833,-0.020592,0.123550,0.061775,0,1,0,0
0.041183,-0.432425,0.081721,0.207200,0,1,0,0
0.041183,-0.494200,0.081721,0.092662,0,1,0,0
-0.020592,-0.391241,0.171974,0.235232,0,1,0,0
-0.308875,0.000000,0.160496,0.131044,0,1,0,0
-0.350058,0.000000,0.195350,0.131044,0,1,0,0
-0.350058,0.000000,0.171974,0.092662,0,1,0,0
-0.267691,0.144142,0.360207,0.451845,0,0,1,0
-0.041183,0.597158,0.432425,0.318006,0,0,1,0
-0.205917,0.803074,0.651572,0.226976,0,0,1,0
-0.061775,0.473608,0.705696,0.694110,0,0,1,0
0.494200,-0.123550,0.346711,0.699586,0,0,1,0
0.741300,-0.102958,0.185325,0.879616,0,0,1,0
0.597158,-0.144142,0.289750,0.827646,0,0,1,0
0.329466,-0.658933,0.522355,0.655950,0,0,1,0
0.267691,-1.091358,0.556832,0.252825,0,0,1,0
-0.308875,-0.555975,0.548198,0.833962,0,0,1,0
-0.597158,0.144142,0.488374,0.620062,0,0,1,0
-0.700116,0.041183,0.401537,0.751525,0,0,1,0
-0.205917,0.988399,0.467412,0.393133,0,0,1,0
0.020592,1.008991,0.535878,0.435722,0,0,1,0
0.308875,0.370650,0.453951,0.780788,0,0,1,0
0.597158,-0.041183,0.258423,0.716430,0,0,1,0
0.741300,-0.041183,0.160496,0.716430,0,0,1,0
-0.205917,-0.782483,1.337824,0.877987,0,0,1,0
-0.226508,-1.359049,1.266387,0.403906,0,0,1,0
-0.082367,-0.555975,0.525087,1.040133,0,0,1,0
-0.350058,0.020592,0.352171,0.804854,0,0,1,0
-0.514791,0.041183,0.522355,0.837956,0,0,1,0
0.164733,0.988399,0.387019,0.307327,0,0,1,0
0.041183,0.844258,0.598930,0.572044,0,0,1,0
0.535383,0.391241,0.617750,0.689974,0,0,1,0
0.720708,0.329466,0.543830,0.368067,0,0,1,0
0.267691,0.123550,0.649372,0.833962,0,0,1,0
-0.102958,-0.411833,0.770332,0.992733,0,0,1,0
-0.329466,-0.761891,0.546455,0.589296,0,0,1,0
-0.308875,-0.597158,0.370650,0.633758,0,0,1,0
-0.453016,-0.432425,0.564489,0.747068,0,0,1,0
-0.205917,-0.164733,0.755324,0.624661,0,0,1,0
-0.061775,0.761891,0.607628,0.195350,0,0,1,0
0.144142,0.473608,0.505650,0.473496,0,0,1,0
0.453016,0.247100,0.163441,0.507533,0,0,1,0
0.576566,0.247100,0.195350,0.555975,0,0,1,0
0.658933,-0.102958,0.263903,0.601315,0,0,1,0
0.226508,-0.658933,0.692045,0.655950,0,0,1,0
-0.082367,-0.864849,0.797711,0.711754,0,0,1,0
-0.432425,-0.411833,0.472488,0.728316,0,0,1,0
-0.494200,0.041183,0.185325,0.774038,0,0,1,0
-0.555975,-0.061775,0.499003,0.769712,0,0,1,0
-0.164733,0.988399,0.519608,0.307327,0,0,1,0
0.205917,0.864849,0.610760,0.293024,0,0,1,0
0.597158,0.658933,0.356212,0.556832,0,0,1,0
0.803074,0.597158,0.307327,0.751525,0,0,1,0
0.597158,-0.391241,0.538542,0.841365,0,0,1,0
0.000000,-0.988399,0.472488,0.346711,0,0,1,0
-0.082367,-1.132541,0.608413,0.494200,0,0,1,0
-0.226508,-0.967808,0.633758,0.577026,0,0,1,0
-0.617750,-0.514791,0.382057,0.318006,0,0,1,0
-0.020592,0.432425,0.061775,0.600521,0,0,0,1
0.000000,0.411833,0.092662,0.685813,0,0,0,1
0.000000,0.082367,0.131044,0.615429,0,0,0,1
0.350058,0.061775,0.352171,0.293024,0,0,0,1
0.123550,0.061775,0.563644,0.160496,0,0,0,1
0.411833,-0.041183,0.530510,0.154437,0,0,0,1
0.061775,-0.226508,0.131044,0.479503,0,0,0,1
0.061775,-0.535383,0.131044,0.467412,0,0,0,1
-0.020592,-0.226508,0.144875,0.561948,0,0,0,1
-0.308875,0.000000,0.578677,0.160496,0,0,0,1
-0.350058,0.041183,0.574540,0.081721,0,0,0,1
-0.144142,0.041183,0.530510,0.081721,0,0,0,1
0.000000,0.555975,0.131044,0.680927,0,0,0,1
0.020592,0.288283,0.111366,0.681627,0,0,0,1
0.020592,0.432425,0.111366,0.655222,0,0,0,1
0.514791,0.000000,0.538542,0.092662,0,0,0,1
0.164733,0.000000,0.677415,0.131044,0,0,0,1
0.288283,-0.226508,0.541192,0.422380,0,0,0,1
-0.020592,-0.370650,0.061775,0.614653,0,0,0,1
-0.082367,-0.514791,0.163441,0.577026,0,0,0,1
-0.185325,-0.123550,0.453951,0.307327,0,0,0,1
-0.411833,0.000000,0.577026,0.092662,0,0,0,1
-0.329466,0.061775,0.522355,0.092662,0,0,0,1
0.000000,0.494200,0.000000,0.705696,0,0,0,1
0.020592,0.267691,0.061775,0.797711,0,0,0,1
0.144142,0.453016,0.401537,0.579500,0,0,0,1
0.185325,-0.041183,0.586049,0.123550,0,0,0,1
0.350058,-0.061775,0.677415,0.160496,0,0,0,1
0.185325,0.041183,0.524178,0.154437,0,0,0,1
0.102958,-0.205917,0.308875,0.397957,0,0,0,1
-0.082367,-0.288283,0.134635,0.655950,0,0,0,1
-0.020592,-0.453016,0.111366,0.636012,0,0,0,1
-0.123550,-0.226508,0.320992,0.488374,0,0,0,1
-0.535383,0.041183,0.438994,0.180103,0,0,0,1
-0.226508,0.020592,0.530510,0.061775,0,0,0,1
0.020592,0.555975,0.111366,0.621599,0,0,0,1
0.020592,0.370650,0.111366,0.693422,0,0,0,1
0.041183,0.288283,0.304206,0.516846,0,0,0,1
0.617750,-0.020592,0.578677,0.061775,0,0,0,1
0.041183,-0.267691,0.757216,0.360207,0,0,0,1
0.082367,-0.453016,0.134635,0.781398,0,0,0,1
0.102958,-0.700116,0.097675,0.538542,0,0,0,1
0.020592,-0.102958,0.339762,0.371935,0,0,0,1
-0.370650,-0.102958,0.499003,0.279698,0,0,0,1
-0.144142,0.082367,0.479503,0.097675,0,0,0,1
-0.267691,0.061775,0.425755,0.131044,0,0,0,1
0.020592,0.370650,0.111366,0.655222,0,0,0,1
-0.061775,0.370650,0.131044,0.711754,0,0,0,1
-0.102958,0.205917,0.163441,0.738075,0,0,0,1
0.041183,0.370650,0.081721,0.593329,0,0,0,1
0.391241,-0.041183,0.720414,0.180103,0,0,0,1
0.185325,-0.123550,0.769712,0.185325,0,0,0,1
0.391241,-0.123550,0.766607,0.293024,0,0,0,1
-0.041183,-0.411833,0.123550,0.685813,0,0,0,1
-0.123550,-0.350058,0.131044,0.631496,0,0,0,1
0.020592,-0.720708,0.111366,0.535878,0,0,0,1
-0.308875,0.123550,0.607628,0.160496,0,0,0,1
-0.144142,0.061775,0.584419,0.092662,0,0,0,1
-0.164733,0.061775,0.543830,0.092662,0,0,0,1
